# OUTPUTS esperados:
_codigo3.pre
12 29 10 29 4 28 11 30 3 28 11 31 10 29 2 31 11 31 13 31 9 30 29 10 29 7 4 14 2 0 0 0
-------------------------------------------------------------------------------------------------------------

codigo2.pre:
12 8 10 8 4 7 14 2 0 0 0
-------------------------------------------------------------------------------------------------------------

_codigo5.pre
D, VAL 11
D, L1 10
U, Y 1
U, Y 5
U, Y 7
U, MOD_B 9
R, 0 1 0 1 0 1 0 1 0 1 0 0 
12 0 10 11 1 0 11 2 7 0 14 -6